2774.82
